0   0      0      1
0   0      1      0
0   1      0      0
1   0      0      0
101
103
135
69
0   0      0      1
0   0      1      0
0   1      0      0
1   0      0      0
101
103
135
69
0   0      0      1
0   0      1      0
0   1      0      0
1   0      0      0
101
103
135
69
0   0      0      1
0   0      1      0
0   1      0      0
1   0      0      0
101
103
135
69
0   0      0      1
0   0      1      0
0   1      0      0
1   0      0      0
101
103
135
69
0   0      0      1
0   0      1      0
0   1      0      0
1   0      0      0
101
103
135
69
0   0      0      1
0   0      1      0
0   1      0      0
1   0      0      0
101
103
135
69
0   0      0      1
0   0      1      0
0   1      0      0
1   0      0      0
101
103
135
69
0   0      0      1
0   0      1      0
0   1      0      0
1   0      0      0
101
103
135
69
0   0      0      1
0   0      1      0
0   1      0      0
1   0      0      0
101
103
135
69
0   0      0      1
0   0      1      0
0   1      0      0
1   0      0      0
101
103
135
69
0   0      0      1
0   0      1      0
0   1      0      0
1   0      0      0
101
103
135
69
0   0      0      1
0   0      1      0
0   1      0      0
1   0      0      0
101
103
135
69
0   0      0      1
0   0      1      0
0   1      0      0
1   0      0      0
101
103
135
69
0   0      0      1
0   0      1      0
0   1      0      0
1   0      0      0
101
103
135
69
0   0      0      1
0   0      1      0
0   1      0      0
1   0      0      0
101
103
135
69
